                     10      100     1000
1000 x 1200     0.02    0.16    1.59
3840 x 5040     0.28    2.83    28.04
4850 x 6080     0.45    4.32    43.69
7680 x 10080    1.18    11.48   117.34
10000 x 12000   1.81    17.78   179.19
15000 x 15000   3.33    33.46   340.50

1000 x 1200     0.02    0.18    1.62
3840 x 5040     0.28    2.86    29.38
4850 x 6080     0.47    4.44    45.23
7680 x 10080    1.20    11.73   121.11
10000 x 12000   1.83    18.36   189.62
15000 x 15000   3.36    34.10   346.92

1000 x 1200     0.02
3840 x 5040     0.30
4850 x 6080     0.43
7680 x 10080    1.19
10000 x 12000   1.78
15000 x 15000   3.36
